95
19
22
91
91
35
26
43
28
9
82
4
49
32
53
23
15
35
36
53
68
66
98
66
86
56
89
83
22
79
26
35
6
2
22
68
100
97
21
16
26
88
33
10
73
35
63
63
11
78
67
35
66
96
79
90
7
12
8
91
33
65
17
91
17
88
19
61
15
32
90
29
22
67
36
66
42
61
60
2
67
89
21
20
19
25
10
58
32
35
67
13
76
3
73
73
48
99
70
29
74
2
30
94
100
54
8
80
71
35
45
73
38
90
49
85
29
21
56
31
33
65
75
40
62
7
90
19
97
31
34
47
66
97
43
19
15
57
96
34
61
25
62
61
63
68
90
94
27
51
28
56
81
53
94
69
97
62
98
67
70
33
27
33
36
42
62
54
14
75
36
32
66
87
54
79
87
64
51
71
62
52
8
20
2
98
15
66
65
7
85
46
48
26
75
56
68
37
3
7
54
23
90
46
36
97
92
73
48
30
69
18
96
91
68
93
20
65
28
28
18
52
66
35
56
99
91
62
29
94
45
49
22
73
89
87
58
79
36
38
20
11
64
88
82
8
41
80
38
57
84
68
38
82
72
70
25
72
11
9
66
12
14
43
40
65
67
12
33
98
10
5
57
79
96
45
90
90
92
76
6
8
28
85
79
13
80
84
83
30
25
89
12
25
1
55
29
80
7
52
5
91
81
24
54
87
21
50
93
63
12
2
52
51
99
81
15
8
49
57
5
83
100
65
26
35
77
40
79
26
13
27
81
23
90
73
77
94
76
15
22
80
89
73
39
80
8
89
55
38
54
37
58
30
70
68
78
68
82
77
4
99
46
76
11
47
56
35
4
24
40
20
75
48
13
52
99
38
36
77
88
70
96
4
22
49
44
31
77
38
99
20
85
91
3
56
7
7
40
26
89
64
85
20
42
53
88
56
72
83
78
89
86
82
94
90
28
22
70
45
95
61
65
3
75
68
27
70
86
29
36
33
54
43
45
84
90
87
40
83
5
46
40
70
31
3
58
50
13
30
5
58
16
24
97
100
31
31
56
96
8
28
40
4
91
83
44
30
11
14
46
92
82
91
24
31
59
76
46
31
82
60
14
61
91
85
27
75
31
8
57
89
100
48
74
83
4
69
64
40
64
58
19
93
91
46
13
21
67
70
56
12
6
49
15
3
45
48
71
12
53
55
41
81
61
45
86
10
59
74
83
70
87
27
74
73
28
5
41
21
27
19
12
64
80
7
74
25
77
29
97
60
81
44
59
43
50
34
38
65
42
99
56
44
59
43
42
76
53
95
9
44
100
80
64
15
82
97
37
45
22
28
9
45
91
51
36
73
56
11
29
67
9
18
69
55
87
46
21
7
25
94
79
44
18
65
5
61
86
49
90
48
97
86
34
40
67
59
17
53
84
98
57
13
20
77
13
100
16
35
33
92
6
77
8
31
62
6
76
25
57
5
100
21
41
85
23
61
90
43
61
15
31
60
27
66
1
99
41
44
90
20
51
64
74
51
56
61
2
96
44
54
10
64
73
1
31
3
2
65
51
18
70
8
29
24
64
20
97
49
94
69
82
38
60
81
86
35
40
33
58
85
99
55
87
44
32
4
25
20
47
34
96
68
38
98
99
6
93
84
95
5
96
65
33
97
14
36
93
33
27
81
46
56
18
40
37
75
40
70
71
33
84
54
27
64
81
24
7
56
19
75
67
42
94
55
9
75
76
40
16
70
10
95
38
9
13
19
45
17
61
64
28
36
86
100
97
97
87
61
68
99
39
28
55
56
47
65
54
1
69
95
92
60
83
28
86
88
100
4
44
61
82
58
4
36
87
9
33
30
82
80
66
84
33
86
8
60
52
64
65
84
24
45
87
8
78
64
33
38
48
47
72
69
98
6
2
30
16
99
29
85
42
70
20
84
47
5
76
20
87
87
56
81
14
58
70
66
69
38
76
20
75
50
70
70
91
95
82
25
54
4
65
37
66
86
10
41
35
66
51
60
40
83
1
6
37
36
85
29
52
16
48
73
49
30
35
46
67
63
47
88
40
61
21
87
59
53
98
76
23
89
20
58
55
74
61
81
15
82
90
80
53
82
37
89
74
35
63
45
4
96
46
10
99
46
92
63
80
55
84
13
75
57
22
77
37
12
70
54
6
23
62
44
4
41
3
62
78
17
12
97
22
39
34
56
35
91
90
7
25
37
46
29
39
19
1
68
48
19
57
31
18
8
51
33
77
31
64
91
70
10
58
82
23
25
31
60
92
20