82
49
26
2
30
63
52
15
66
7
39
65
79
75
19
31
33
45
85
32
80
48
16
60
7
94
75
26
41
37
11
9
84
92
68
94
75
90
22
99
97
27
53
1
12
92
18
68
87
47
81
21
22
55
32
53
47
35
2
38
67
17
12
90
40
46
97
30
82
58
69
10
16
14
15
8
12
74
28
89
66
86
17
49
62
39
70
4
50
47
36
75
10
24
49
90
93
85
90
77
50
88
89
24
48
50
93
43
8
93
12
21
86
82
59
6
12
23
95
73
67
7
52
31
36
29
34
15
76
94
39
2
56
1
40
63
16
43
24
43
52
82
8
38
77
41
32
22
36
33
85
29
30
53
24
33
4
9
43
83
68
41
23
31
11
87
16
84
94
19
7
35
75
11
56
20
66
60
31
85
64
71
96
36
60
70
78
33
3
61
6
25
10
48
91
80
93
32
38
33
98
80
54
90
37
17
5
58
15
7
7
87
26
75
72
83
94
79
47
36
39
47
56
32
93
25
81
35
90
24
72
32
38
71
69
9
98
59
69
41
66
81
75
85
84
81
83
65
81
37
89
36
7
92
16
94
53
39
30
35
80
53
57
23
43
17
29
1
59
100
14
7
89
68
48
34
15
80
74
70
3
62
96
93
39
99
59
36
28
32
14
58
15
31
80
75
63
40
24
40
85
41
92
68
18
24
23
59
62
47
29
77
14
21
41
81
38
94
31
38
11
51
29
28
75
17
57
65
87
19
61
45
14
25
61
82
95
7
44
46
90
70
15
74
98
41
79
53
41
53
18
92
57
41
75
68
53
70
43
25
96
18
85
62
71
87
81
100
49
81
9
35
24
22
75
41
82
50
35
97
92
57
97
59
29
61
49
82
49
26
83
88
44
28
26
5
12
90
57
21
87
80
87
82
38
6
74
44
7
16
48
29
7
75
42
62
89
95
61
75
65
23
19
60
1
3
86
31
15
52
30
96
84
56
96
54
76
10
16
17
94
66
2
49
45
49
88
11
40
38
24
47
59
64
43
1
30
20
76
44
74
54
75
39
84
15
60
64
29
24
87
89
59
2
61
73
21
39
32
53
81
96
46
92
84
31
20
59
26
11
98
38
8
1
89
45
33
22
50
86
69
5
63
24
99
46
93
80
14
36
4
36
80
54
53
90
62
83
55
20
12
80
27
79
87
3
13
75
9
5
1
91
64
88
81
10
68
3
72
59
39
73
65
7
48
7
74
43
38
61
1
59
9
72
5
42
86
39
40
72
28
26
98
54
25
51
40
81
58
71
22
26
69
47
56
33
30
14
93
3
23
29
12
60
17
87
8
89
79
88
96
55
27
6
27
47
79
42
9
69
63
14
1
85
39
74
49
100
90
49
28
79
87
55
98
23
38
26
20
94
8
73
2
69
6
46
65
96
74
19
55
70
98
89
39
93
53
26
3
89
86
23
18
13
83
34
78
13
53
64
83
21
92
15
13
80
26
3
71
90
5
34
32
70
78
46
49
7
55
73
38
84
21
27
89
53
66
62
83
83
20
65
30
5
7
66
28
23
47
74
79
63
14
19
57
87
96
10
31
53
18
83
30
56
20
22
84
92
69
56
58
29
66
29
72
49
88
35
30
69
90
16
27
58
87
32
87
56
3
29
59
33
23
85
16
78
94
67
99
17
96
1
72
45
13
64
30
23
60
83
100
44
100
37
70
56
20
16
15
59
9
46
24
6
41
62
22
70
65
55
12
23
2
40
84
48
15
34
2
35
15
46
41
57
6
100
53
23
31
77
43
89
51
86
95
54
48
41
38
96
97
58
81
47
63
13
38
60
37
49
90
17
56
73
81
52
89
12
94
9
80
32
2
81
31
73
90
17
86
94
64
78
4
15
6
79
92
17
65
77
72
16
71
49
89
93
93
12
38
5
80
16
83
32
67
82
6
53
23
100
8
83
99
67
58
57
47
23
61
45
77
21
40
47
69
77
61
3
64
32
40
83
5
4
13
10
89
60
86
28
45
37
61
54
90
34
12
75
23
87
44
52
77
95
16
10
31
12
45
37
88
7
16
3
7
10
47
87
97
21
93
4
11
34
10
57
94
18
50
40
37
28
30
98
27
20
100
57
5
6
54
66
89
52
40
65
82
10
88
56
83
67
81
5
58
61
21
29
39
43
6
27
87
5
79
34
77
71
98
69
23
84
43
40
1
32
3
98
51
79
8
80
34
59
78
33
55
57
20
39
92
51
47
99
99
77
93
76
1
75