78
71
21
57
55
54
24
71
13
82
44
53
81
47
4
30
52
12
92
81
71
76
41
5
63
39
57
6
70
97
87
10
76
29
93
14
60
4
57
11
36
76
29
37
71
36
96
8
41
34
4
82
47
97
88
61
54
88
21
34
48
2
43
47
4
8
59
35
12
4
90
80
90
21
3
63
48
46
81
91
63
61
68
37
82
85
42
8
97
43
42
23
75
72
62
54
45
70
25
61
57
25
75
62
42
23
16
86
82
15
40
69
72
31
19
8
84
27
25
6
38
5
75
36
100
12
46
90
97
99
62
94
48
90
30
64
53
44
88
48
74
16
18
60
31
28
86
5
48
8
52
29
14
36
62
88
74
17
73
40
6
16
53
84
78
36
67
88
37
65
1
11
69
57
71
53
34
33
45
42
38
87
93
78
20
9
38
72
63
8
35
87
5
34
80
27
71
6
32
92
13
36
55
95
13
29
41
4
88
73
92
53
29
5
89
20
68
50
46
11
85
95
14
31
68
88
80
70
20
73
71
59
12
81
100
38
6
58
45
14
82
59
45
22
11
79
36
95
92
50
94
22
43
26
47
24
96
21
96
71
98
36
56
67
68
10
86
73
15
58
49
39
72
84
97
31
87
34
76
58
62
80
90
16
9
8
69
36
66
41
21
39
34
57
37
43
21
83
34
13
16
6
50
14
72
6
47
72
49
85
29
67
10
36
68
27
49
89
94
93
38
86
13
80
64
86
89
2
92
48
5
77
88
5
71
1
15
1
74
85
41
93
47
96
94
48
27
9
24
26
40
45
20
61
53
35
88
66
22
64
26
78
50
77
61
79
44
22
78
89
24
63
11
28
39
48
78
3
78
63
50
42
53
22
59
11
6
83
87
54
7
71
90
20
58
2
71
55
84
2
82
69
71
29
49
38
33
63
59
62
63
72
42
44
10
13
50
41
37
57
59
45
2
19
100
87
66
75
23
2
69
100
59
75
15
3
4
13
52
33
46
48
44
10
6
48
19
88
80
86
3
32
27
1
82
60
26
16
28
85
6
37
40
41
15
38
89
23
97
28
75
92
34
61
57
68
43
14
73
95
60
63
44
8
76
57
29
75
86
65
70
41
60
95
11
20
97
29
61
77
68
35
17
63
36
100
99
76
29
14
92
11
40
98
73
43
5
17
11
78
35
33
18
8
85
39
43
69
89
39
74
45
83
8
60
58
46
65
96
99
94
22
46
94
64
91
100
89
72
87
33
2
54
82
25
81
28
62
39
4
1
59
69
86
93
18
68
64
40
89
3
98
66
88
44
81
3
82
35
38
62
6
20
76
80
53
15
74
71
10
95
87
7
89
44
90
71
75
41
11
70
23
68
30
76
41
61
13
33
37
32
33
58
42
14
1
1
59
61
29
27
12
57
80
38
22
45
30
43
98
22
2
58
90
11
79
11
90
14
37
44
1
68
72
66
4
36
59
2
54
67
12
98
12
9
7
29
30
27
9
56
35
17
18
43
98
43
41
79
97
84
50
83
87
62
81
3
6
15
64
33
22
26
89
3
16
31
22
83
74
50
55
79
18
89
47
21
39
60
15
41
34
74
28
35
71
99
47
18
85
42
53
45
95
90
20
16
66
61
5
79
98
75
6
12
24
64
15
60
45
17
94
61
63
49
40
13
99
100
36
37
19
30
56
63
10
36
49
77
22
40
63
64
12
91
65
13
98
8
22
74
37
63
40
18
12
81
1
96
33
47
4
90
67
2
100
76
87
79
46
40
13
88
69
53
39
39
88
70
8
63
17
16
49
3
90
43
14
82
62
53
55
7
70
64
39
73
77
33
82
44
17
33
72
30
83
88
50
64
91
58
61
2
63
44
91
93
44
82
80
97
55
11
23
81
53
81
35
25
25
37
62
100
100
45
41
4
27
88
85
13
95
92
27
28
38
35
60
59
78
13
54
40
26
1
48
74
51
22
55
79
40
62
63
58
21
48
90
44
62
65
33
4
23
97
10
86
66
28
82
47
9
7
40
17
20
8
93
86
76
68
19
66
95
25
21
86
10
83
45
8
72
89
74
82
60
35
98
34
71
50
32
94
31
21
59
34
26
95
17
17
25
19
68
57
10
57
74
7
92
58
4
52
9
44
23
1
21
60
43
23
72
33
91
43
50
56
15
35
86
73
98
90
92
89
57
58
93
61
93
51
86
54
6
68
88
34
76
54
86
9
58
73
23
10
93
96
71
83
24
49
64
70
43
98
62
62
58
13
14