3
77
32
88
15
64
66
10
53
89
22
6
21
74
64
60
59
91
85
18
50
45
76
5
55
45
91
98
41
40
56
15
56
7
50
7
55
20
76
62
64
57
67
30
87
13
21
91
28
21
81
46
97
39
66
46
41
25
54
50
40
31
14
45
83
48
68
7
5
77
15
2
63
68
21
37
99
92
97
18
72
78
95
69
16
70
57
43
75
10
46
64
9
8
97
89
16
30
67
47
99
72
46
75
75
27
9
39
75
43
45
14
45
73
27
43
83
42
49
65
17
96
45
90
55
69
86
70
65
14
18
88
80
10
53
4
26
37
30
21
95
82
12
22
96
8
61
40
4
97
80
46
91
83
77
80
56
62
55
87
36
39
57
14
76
9
84
3
59
88
65
55
68
88
20
49
5
66
76
68
25
54
30
27
80
55
21
63
64
34
91
75
62
40
98
84
26
41
59
78
9
76
77
96
36
69
89
21
41
88
57
26
84
68
83
36
71
8
32
6
2
58
46
76
40
14
20
90
29
63
44
52
70
56
77
9
12
91
16
84
35
49
13
6
79
42
1
94
32
66
67
48
64
62
31
68
36
23
18
72
37
76
31
7
51
44
65
17
34
58
31
99
92
25
100
9
53
77
100
34
52
16
40
62
59
91
16
36
55
75
1
2
91
75
90
34
41
58
51
5
16
31
51
78
30
62
55
41
27
18
51
89
56
85
11
49
19
70
46
2
60
97
98
31
64
31
5
81
95
71
68
75
66
81
11
43
49
67
32
91
44
17
94
65
16
80
4
49
71
88
65
28
51
32
24
43
61
41
21
100
5
93
42
88
34
66
32
95
100
36
16
23
13
43
8
61
2
3
36
74
27
66
9
18
38
11
41
68
73
35
71
99
57
62
85
11
17
8
65
61
62
51
28
17
22
60
42
38
27
36
3
88
53
95
11
53
92
26
100
75
85
31
5
92
98
29
45
44
53
31
42
44
64
74
11
30
63
37
77
99
69
63
44
43
45
14
27
41
66
29
69
47
66
11
64
65
81
80
6
27
8
4
95
25
36
18
53
25
12
97
15
41
12
52
31
25
37
84
97
76
13
10
15
59
93
96
25
14
36
6
48
78
32
83
61
86
9
17
45
21
26
58
50
6
29
12
45
34
79
4
70
60
4
69
79
47
5
51
1
89
9
99
80
16
46
13
42
5
51
78
34
17
67
33
54
95
88
74
17
60
40
34
30
91
89
22
34
53
52
95
55
65
12
36
1
38
47
75
12
71
2
27
11
83
23
87
4
80
81
69
94
68
60
72
2
74
44
57
2
88
6
22
56
38
37
3
80
84
95
73
17
16
34
98
31
71
81
96
11
88
84
23
28
4
74
3
12
6
43
32
28
68
38
26
93
84
47
70
71
90
20
91
74
57
16
40
55
86
2
86
9
61
59
88
25
1
21
84
46
77
82
90
82
38
67
85
9
5
65
38
27
95
66
62
87
16
41
42
4
83
69
29
33
69
36
75
19
29
76
96
51
88
7
86
65
72
45
88
4
22
58
15
66
85
77
24
42
56
64
34
100
32
21
2
49
33
51
9
20
45
15
1
92
81
75
43
41
67
44
66
51
10
82
23
47
10
22
56
11
22
27
31
27
45
96
24
49
64
75
62
94
97
32
79
49
86
14
85
5
19
39
70
34
84
51
7
92
5
64
78
53
95
95
10
26
51
68
36
40
44
25
4
90
98
67
14
50
11
44
17
13
18
45
55
44
25
85
81
52
47
1
5
83
3
39
35
23
31
76
62
3
27
2
17
28
80
13
58
99
18
64
53
14
82
98
77
28
54
25
10
76
97
89
3
92
61
47
10
92
27
13
45
22
81
74
73
42
49
59
21
95
24
56
95
38
10
94
60
43
80
60
7
71
63
7
94
32
92
7
53
71
19
83
75
45
45
98
16
31
80
67
5
19
77
92
37
45
61
55
73
15
3
73
5
9
100
10
92
31
53
70
1
5
58
82
48
97
24
5
68
41
69
29
6
67
51
54
13
87
91
35
97
23
46
89
3
16
97
40
95
33
67
60
55
15
73
19
64
11
5
65
55
43
26
28
16
96
28
17
6
65
51
20
78
12
42
96
25
81
84
60
60
38
78
25
15
67
8
89
38
69
20
26
16
28
23
47
15
38
85
73
59
70
7
65
78
44
55
99
10
52
63
17
28
8
19
100
13
6
33
50
77
77
29
100
99
26
80
29
69
71
72
85
97
9
54
70
88
61
63