35
49
29
9
27
17
40
87
46
57
65
42
61
14
52
22
92
75
64
15
91
99
51
25
59
65
83
59
45
72
50
80
79
27
60
13
8
96
70
89
19
17
1
98
18
51
44
45
82
72
66
32
26
19
30
78
52
27
74
47
8
29
96
66
29
1
67
76
39
73
21
17
71
44
57
40
63
77
42
22
27
14
66
47
10
21
14
15
20
30
94
63
44
69
19
26
56
94
86
37
83
20
61
74
81
7
92
27
24
95
71
85
62
77
89
94
81
36
43
7
62
48
88
26
22
75
90
100
76
12
59
31
73
3
41
71
49
31
27
97
32
85
85
92
9
42
87
97
81
27
86
98
54
15
41
58
65
17
80
85
58
25
17
76
10
43
40
31
82
72
55
54
78
70
86
59
76
82
8
64
42
49
73
96
64
32
23
78
35
44
69
100
1
24
37
27
40
94
40
59
60
56
49
14
96
82
67
72
55
70
67
73
70
56
98
15
31
23
21
42
27
25
77
74
97
61
31
94
9
68
69
22
72
76
87
3
16
26
7
55
47
78
14
66
88
35
23
94
6
75
71
33
24
33
87
78
3
85
25
100
69
51
62
43
95
93
44
81
13
100
11
17
81
25
3
100
84
44
51
41
1
84
6
4
2
84
3
28
8
9
68
62
66
99
53
55
68
87
78
43
10
30
31
20
33
58
6
55
96
23
50
58
7
6
24
14
69
71
15
42
53
19
80
88
96
19
43
9
12
32
5
41
33
16
92
30
95
33
5
98
40
1
35
40
57
34
24
82
72
50
23
66
89
8
3
49
93
1
87
7
44
90
76
14
93
46
81
50
1
10
16
84
29
100
30
84
32
42
2
81
21
36
94
91
81
33
52
43
10
97
70
9
48
59
53
28
52
72
54
69
2
16
73
50
20
32
94
40
86
81
91
23
27
57
72
18
15
9
73
69
69
34
39
9
24
1
76
12
21
94
34
63
35
12
83
78
70
72
18
14
69
91
67
8
63
81
86
78
34
45
48
75
70
35
35
13
41
75
88
96
12
58
21
70
64
1
41
46
86
14
97
46
93
9
91
60
48
59
81
80
76
88
75
81
87
20
82
37
16
28
76
64
29
59
75
88
33
74
43
34
11
92
67
15
77
39
63
8
25
80
70
64
95
55
30
85
23
94
42
52
6
77
43
52
32
93
90
73
98
10
33
17
20
4
1
34
73
55
15
47
8
50
19
14
68
14
57
99
88
90
69
84
34
23
30
25
67
96
44
88
36
93
82
65
87
83
5
41
62
84
85
90
63
8
44
15
68
93
20
64
8
5
6
26
91
20
45
94
100
7
40
67
2
30
32
86
77
24
48
46
86
48
95
47
40
52
16
89
57
52
42
33
56
40
80
7
61
92
34
74
41
63
43
29
86
65
33
22
83
16
81
56
58
85
12
4
17
69
90
39
69
45
84
3
13
96
49
8
95
3
45
98
46
20
13
51
34
60
60
98
16
41
28
24
8
58
59
96
55
64
8
51
38
64
80
47
33
30
29
22
55
15
83
63
4
67
47
9
44
84
79
90
5
12
24
14
75
67
14
67
11
63
36
86
41
1
94
83
53
93
48
48
54
30
16
33
72
67
59
51
42
79
12
18
54
58
45
48
65
93
98
53
29
28
31
70
57
32
64
12
4
35
87
99
19
21
74
12
92
92
17
61
97
14
86
21
82
88
41
97
21
44
92
54
14
14
35
82
64
23
53
36
8
13
60
96
98
76
99
75
83
60
98
11
28
66
6
97
26
80
7
96
7
42
83
15
23
59
32
33
75
100
57
34
27
89
20
67
38
54
45
33
9
63
26
82
65
35
84
5
82
82
62
39
41
87
90
13
22
6
4
99
27
49
21
83
43
40
96
71
79
20
76
15
84
10
92
17
40
64
37
20
55
90
4
32
30
78
75
39
4
35
29
24
96
89
56
53
57
57
93
83
6
33
78
87
37
7
23
75
18
72
6
58
21
2
19
11
92
31
91
85
84
88
8
25
13
95
42
46
41
92
35
23
63
57
34
21
43
86
67
67
54
31
61
73
90
31
95
40
36
100
68
14
92
63
78
85
2
74
99
81
92
60
67
9
8
66
34
64
49
3
94
67
82
75
95
85
39
5
55
40
1
98
14
62
84
25
33
3
41
76
89
44
8
52
95
54
71
15
38
11
35
27
88
14
65
64
57
51
13
17
9
77
23
39
87
71
46
20
89
70
3
84
10
62
48
69
89
28