57
15
7
90
64
33
63
68
48
54
77
6
74
1
82
32
18
74
39
100
90
53
92
40
83
25
25
4
49
11
84
50
23
12
41
72
7
85
72
37
27
72
58
27
16
56
37
10
92
94
66
69
9
8
44
91
59
59
17
25
38
72
70
10
34
50
57
31
37
34
79
82
80
62
23
30
33
28
15
46
37
57
64
39
38
50
7
46
11
13
48
75
89
89
1
41
38
39
90
98
87
78
18
24
34
20
64
73
19
50
21
73
25
36
44
32
37
79
15
68
63
65
83
68
96
93
6
76
87
47
25
19
47
64
96
88
16
98
62
66
99
17
65
37
61
94
59
27
47
95
80
48
30
19
23
4
46
50
63
70
26
79
55
84
29
62
42
62
8
43
23
51
94
34
68
62
94
91
93
68
12
66
49
42
73
15
43
87
52
6
48
73
77
34
26
8
67
55
18
42
72
78
29
74
94
21
91
73
76
52
22
94
43
68
63
100
91
27
4
61
80
51
36
13
48
4
36
77
36
6
87
54
71
70
14
29
5
13
14
31
53
52
95
34
17
45
53
48
51
54
42
18
31
26
59
6
40
88
9
48
43
78
90
26
88
10
93
50
16
55
19
54
14
12
46
93
19
29
3
78
25
84
100
64
53
51
82
32
29
77
6
98
62
44
57
72
52
44
64
42
56
67
65
69
89
25
24
4
57
65
19
51
97
9
92
5
45
95
51
83
58
14
53
78
92
72
81
37
32
68
37
97
73
53
61
86
6
45
41
76
7
47
66
16
35
18
26
72
59
50
87
33
48
90
13
7
93
27
87
2
72
20
17
90
13
17
66
8
33
86
54
7
34
57
57
36
86
48
47
90
55
63
48
24
86
81
24
86
49
8
86
56
12
90
5
75
25
14
77
100
31
68
52
19
28
19
15
12
30
56
7
49
85
19
58
62
44
50
81
95
4
99
3
8
42
4
82
20
32
15
31
13
58
48
47
45
50
10
18
59
38
45
31
75
8
29
100
7
87
55
1
72
22
20
91
97
100
95
31
88
57
69
78
83
34
41
92
9
53
89
91
51
76
71
88
10
1
77
38
29
27
19
68
59
88
22
29
60
17
41
42
71
36
3
39
23
72
89
60
86
32
29
4
69
98
27
54
2
33
13
86
9
94
17
3
65
9
42
72
93
4
46
38
12
81
20
80
17
4
11
64
57
15
99
81
11
13
4
7
46
61
29
97
97
82
78
68
27
79
7
98
16
87
6
99
11
23
85
15
13
14
43
6
10
21
47
97
47
82
29
38
78
73
21
85
31
61
70
26
75
98
47
41
58
12
72
8
71
37
51
42
31
24
97
38
79
39
88
14
78
79
59
53
19
22
91
4
55
49
27
50
33
85
14
18
51
97
26
86
51
61
83
87
18
3
76
71
62
67
56
35
96
32
77
38
84
60
82
52
23
68
67
15
85
74
33
25
77
46
74
60
34
30
48
30
62
2
53
35
51
99
76
97
16
41
83
68
36
36
88
25
22
6
85
78
31
71
93
32
15
58
55
25
97
52
20
86
13
39
56
72
55
50
84
2
5
57
51
86
22
69
32
7
4
15
28
43
49
61
10
90
94
86
54
79
87
60
47
12
44
96
83
88
95
50
57
3
84
50
27
11
12
99
19
100
56
93
73
65
45
80
34
28
95
17
40
6
86
99
56
28
8
81
82
11
75
20
92
35
59
59
53
68
30
95
27
59
1
1
93
50
62
38
43
73
93
38
11
52
5
86
84
46
4
75
22
36
66
69
63
51
8
4
77
51
95
57
9
51
100
1
76
54
81
96
66
87
74
99
58
61
58
36
99
39
15
19
79
68
94
94
60
30
51
22
31
100
96
8
78
72
27
2
1
64
9
50
67
99
3
38
74
29
62
95
61
4
76
41
32
69
71
85
70
96
15
28
9
52
31
17
35
34
53
45
64
77
74
74
4
9
87
2
25
45
15
72
96
37
5
8
99
96
44
79
20
49
99
37
57
99
83
69
22
83
7
51
72
48
16
16
84
68
21
56
37
90
23
64
12
38
17
18
40
89
76
82
64
55
36
10
44
30
4
93
42
35
85
7
84
6
42
96
76
43
90
1
66
90
59
89
20
67
15
52
66
66
34
85
6
78
89
10
89
73
12
97
50
52
99
90
80
57
1
9
30
26
38
60
82
90
67
28
52
44
85
16
42
58
71
4
1
12
44
70
76
55
18
68
51
53
69
56
54
99
53
33
25
81
66