5
14
95
87
2
92
65
45
23
9
7
65
9
93
87
66
9
28
70
42
87
38
22
61
96
61
41
78
54
2
42
43
50
3
73
69
38
67
6
74
82
93
59
55
36
78
55
20
94
33
68
95
100
18
50
98
99
66
60
46
25
1
55
86
87
23
30
75
51
16
76
90
89
8
95
8
58
43
14
19
75
40
94
31
25
31
37
47
75
80
73
55
93
18
34
40
27
82
34
79
27
67
95
46
24
93
38
64
55
95
54
81
52
9
43
82
58
89
39
91
55
49
99
80
62
38
83
75
19
66
51
34
34
21
33
65
64
78
100
25
95
95
33
52
28
42
60
69
92
80
92
50
94
65
49
47
44
83
13
95
53
19
88
67
62
49
92
91
33
11
77
81
38
5
96
75
80
47
54
97
63
25
50
1
93
88
75
1
68
13
2
18
50
16
45
69
51
34
48
80
10
61
15
14
7
15
69
41
15
6
83
87
16
69
59
45
36
72
10
19
54
12
99
78
55
51
8
12
60
44
70
93
92
65
72
86
77
7
83
55
69
74
24
84
68
68
23
41
78
22
42
40
83
54
92
9
41
12
13
29
8
61
5
78
43
23
12
92
71
63
35
53
69
29
60
12
40
75
74
32
38
94
64
35
38
36
29
95
50
91
24
25
32
50
6
8
38
8
44
59
81
73
100
77
5
79
82
52
47
12
49
97
70
65
6
84
11
86
31
30
37
28
20
77
59
96
48
69
50
34
33
48
84
49
29
82
95
8
95
12
18
7
39
51
43
35
60
70
9
71
62
25
94
86
89
89
64
2
18
4
18
76
58
27
85
3
39
77
10
40
78
52
11
2
89
22
17
37
85
88
40
83
78
81
45
45
36
15
79
82
96
39
33
83
61
73
82
30
43
59
69
43
80
95
18
59
40
77
81
91
44
63
25
32
21
39
15
84
45
20
11
71
38
53
74
36
68
31
65
95
13
25
43
91
33
20
38
77
12
99
42
14
22
74
50
72
80
78
44
98
57
11
68
75
57
44
61
31
83
54
73
30
13
81
71
55
69
79
55
99
79
62
80
9
13
10
49
91
17
17
57
44
92
40
42
91
76
11
63
41
60
39
23
84
13
49
13
63
3
19
50
84
57
25
69
78
66
30
65
69
14
61
34
68
33
50
46
46
51
44
17
25
12
69
67
36
90
98
37
64
89
55
4
100
90
56
23
49
84
39
65
27
20
76
60
86
47
24
19
22
58
14
5
28
42
94
58
79
64
61
78
12
64
96
32
46
27
53
93
60
16
9
19
44
62
27
20
80
38
88
2
17
12
4
72
84
1
26
83
11
93
34
10
56
96
96
44
20
58
85
4
37
61
90
21
78
98
26
64
74
41
3
51
16
5
17
11
78
78
21
3
97
10
57
56
9
52
53
50
52
78
49
90
87
12
99
20
29
24
24
15
41
45
99
98
52
2
26
41
34
39
77
57
86
84
34
28
49
83
46
24
98
90
90
77
3
56
90
29
95
35
30
51
82
14
40
66
64
90
82
36
60
72
93
26
88
22
2
92
42
14
63
14
84
20
36
74
82
58
93
99
55
37
52
98
91
75
43
41
93
50
8
66
30
25
84
22
57
45
38
4
66
76
97
74
36
82
20
18
77
83
78
55
43
22
96
41
66
98
51
83
16
50
44
23
56
91
64
87
72
51
26
40
81
69
4
62
76
7
8
68
60
73
2
59
92
99
5
15
17
54
25
16
15
31
66
30
18
58
13
33
95
35
33
63
4
98
40
19
7
34
61
100
91
100
21
36
47
72
7
24
42
25
4
41
29
63
34
1
6
52
99
63
67
96
10
80
83
66
4
31
4
22
32
64
85
3
57
77
65
56
66
87
56
24
28
27
44
67
46
51
41
18
48
3
21
62
69
7
24
41
32
80
62
11
89
31
83
65
46
27
92
1
56
91
67
48
95
93
34
32
7
4
40
59
74
70
23
98
84
65
37
79
12
9
68
15
72
64
17
17
30
53
59
28
52
39
75
81
56
97
1
41
86
80
99
62
41
31
10
54
58
97
73
24
33
47
93
26
30
2
43
38
84
2
9
29
51
9
89
19
66
43
25
6
68
85
31
87
3
70
38
91
60
78
44
74
43
61
58
13
31
80
62
74
53
93
33
27
29
28
80
52
11
33
11
17
98
7
25
31
19
90
83
54
83
83
29
67
55
44
17
21
5
63
18
95
53
91
95
29
14
80
20
34
69
83
29
8
28